0 0.03671875 0.53046875 0.05390625 0.03125
0 0.16015625 0.58046875 0.05390625 0.03359375
0 0.39375 0.9 0.06875 0.02890625
0 0.38984375 0.796875 0.03515625 0.0296875
0 0.30078125 0.60625 0.0484375 0.03125
0 0.66875 0.7984375 0.0625 0.01640625
0 0.84296875 0.94296875 0.0265625 0.0296875
0 0.9765625 0.9890625 0.046875 0.021875
0 0.99609375 0.89296875 0.0078125 0.02734375
0 0.91640625 0.63203125 0.0609375 0.0296875
0 0.9015625 0.515625 0.05 0.01796875
0 0.7546875 0.34609375 0.04140625 0.02421875
0 0.7515625 0.2421875 0.0359375 0.01640625
0 0.9234375 0.14140625 0.0296875 0.01796875
0 0.540625 0.078125 0.02578125 0.01484375
0 0.5578125 0.18984375 0.01328125 0.01796875
0 0.44140625 0.1328125 0.01875 0.02265625
0 0.4890625 0.4546875 0.04453125 0.02421875
0 0.6484375 0.40703125 0.05 0.01796875
0 0.61953125 0.53671875 0.01796875 0.028125
0 0.7046875 0.5875 0.02421875 0.02578125
0 0.69296875 0.69375 0.02578125 0.03671875
0 0.265625 0.265625 0.03125 0.034375