0 0.2796875 0.92578125 0.0265625 0.0140625
0 0.46015625 0.9546875 0.02578125 0.0140625
0 0.35859375 0.89453125 0.02265625 0.0078125
0 0.2296875 0.7125 0.01171875 0.00625
0 0.2671875 0.7328125 0.01171875 0.00546875
0 0.31015625 0.7515625 0.01171875 0.0046875
0 0.36640625 0.7703125 0.0109375 0.00546875
0 0.421875 0.7859375 0.0140625 0.00703125
0 0.50078125 0.809375 0.01484375 0.00859375
0 0.475 0.8796875 0.0203125 0.00859375
0 0.66875 0.86640625 0.01796875 0.00859375
0 0.59921875 0.9328125 0.0140625 0.01328125
0 0.375 0.834375 0.01796875 0.01015625