0 0.696875 0.8734375 0.03359375 0.0125
0 0.81171875 0.6484375 0.02421875 0.00859375
0 0.77890625 0.57265625 0.0203125 0.00859375
0 0.72421875 0.5953125 0.0234375 0.009375
0 0.6125 0.55234375 0.01875 0.0078125
0 0.49609375 0.496875 0.015625 0.00625
0 0.55390625 0.475 0.0140625 0.00546875
0 0.60546875 0.4796875 0.01484375 0.00546875
0 0.64375 0.4671875 0.015625 0.00703125
0 0.68203125 0.44296875 0.0140625 0.00625
0 0.659375 0.41484375 0.0125 0.00703125
0 0.57109375 0.3953125 0.0109375 0.00546875
0 0.603125 0.37578125 0.01171875 0.0046875
0 0.72890625 0.42265625 0.0125 0.00546875
0 0.7703125 0.409375 0.0109375 0.0046875
0 0.78046875 0.446875 0.01328125 0.00546875
0 0.80546875 0.421875 0.0125 0.00546875
0 0.81015625 0.37578125 0.01015625 0.0046875
0 0.83828125 0.403125 0.00546875 0.0046875
0 0.45703125 0.696875 0.02578125 0.01015625
0 0.47890625 0.62109375 0.021875 0.01015625
0 0.45859375 0.5875 0.00546875 0.0078125
0 0.42421875 0.53203125 0.0171875 0.0078125
0 0.27109375 0.59296875 0.021875 0.009375
0 0.10625 0.67734375 0.02578125 0.0109375
0 0.0046875 0.7703125 0.009375 0.0109375
0 0.07421875 0.8625 0.03515625 0.0125
0 0.0359375 0.49765625 0.01484375 0.0046875
0 0.0671875 0.5140625 0.01640625 0.00703125
0 0.08359375 0.46015625 0.01328125 0.00546875
0 0.1109375 0.56875 0.01875 0.00703125
0 0.18828125 0.5046875 0.015625 0.00703125
0 0.2203125 0.45625 0.0140625 0.00625
0 0.25078125 0.4875 0.00703125 0.00703125
0 0.37421875 0.35234375 0.00859375 0.00390625
0 0.32734375 0.4796875 0.015625 0.0078125
0 0.37734375 0.42578125 0.0109375 0.00625
0 0.4859375 0.39921875 0.0109375 0.0046875
0 0.97890625 0.43828125 0.01484375 0.00625